[QADPD]
Plots=15
QADPD_AM=14
QADPD_CHA_GAIN=   1.3400
QADPD_CHA_LAMBDA=   0.999980000
QADPD_CHA_M=3
QADPD_CHA_N=4
QADPD_CHA_ND=78
QADPD_CHB_GAIN=   1.2200
QADPD_CHB_LAMBDA=   0.999980000
QADPD_CHB_M=3
QADPD_CHB_N=4
QADPD_CHB_ND=79
QADPD_FFT1=14
QADPD_FFT2=5
QADPD_FFT3= 122.8800
QADPD_SKIP=100
QADPD_UPDATE=15000
QADPD_WINDOWFUNC=1
QADPD_YPFPGA=1
ValuePlot1=12
ValuePlot2=32960
ValuePlot3=167936
ValuePlot4=393410
XaxisLeftPlot1=1000
XaxisLeftPlot2=1000
XaxisLeftPlot3=0
XaxisLeftPlot4=0
XaxisRightPlot1=1400
XaxisRightPlot2=1400
XaxisRightPlot3=16384
XaxisRightPlot4=1000
YaxisBottomPlot1=-100
YaxisBottomPlot2=-100
YaxisBottomPlot3=-100
YaxisBottomPlot4=-100
YaxisTopPlot1=0
YaxisTopPlot2=0
YaxisTopPlot3=0
YaxisTopPlot4=0
coeffa_chA_0_0=  0.005763
coeffa_chA_0_1=  0.043616
coeffa_chA_0_2= -0.251985
coeffa_chA_0_3=  0.410217
coeffa_chA_1_0= -0.607261
coeffa_chA_1_1= -0.016942
coeffa_chA_1_2= -0.615234
coeffa_chA_1_3=  0.381878
coeffa_chA_2_0= -0.095210
coeffa_chA_2_1=  0.042816
coeffa_chA_2_2= -0.164742
coeffa_chA_2_3=  0.155226
coeffa_chA_3_0=  0.093580
coeffa_chA_3_1= -0.014869
coeffa_chA_3_2=  0.038599
coeffa_chA_3_3= -0.017285
coeffa_chA_4_0= -0.021166
coeffa_chA_4_1=  0.002990
coeffa_chA_4_2=  0.008008
coeffa_chA_4_3= -0.031904
coeffa_chB_0_0=  0.064638
coeffa_chB_0_1= -0.047771
coeffa_chB_0_2=  0.349032
coeffa_chB_0_3= -0.571397
coeffa_chB_1_0=  0.285482
coeffa_chB_1_1=  0.257929
coeffa_chB_1_2= -1.803808
coeffa_chB_1_3=  3.651893
coeffa_chB_2_0=  0.213638
coeffa_chB_2_1=  0.076095
coeffa_chB_2_2= -0.649338
coeffa_chB_2_3=  1.401847
coeffa_chB_3_0=  0.077397
coeffa_chB_3_1= -0.094230
coeffa_chB_3_2=  0.831652
coeffa_chB_3_3= -1.543208
coeffa_chB_4_0= -0.076610
coeffa_chB_4_1=  0.054091
coeffa_chB_4_2= -0.398629
coeffa_chB_4_3=  0.630730
coeffb_chA_0_0= -0.014924
coeffb_chA_0_1=  0.003891
coeffb_chA_0_2=  0.007011
coeffb_chA_0_3= -0.003058
coeffb_chA_1_0=  0.679080
coeffb_chA_1_1=  0.006256
coeffb_chA_1_2= -0.393197
coeffb_chA_1_3=  0.660961
coeffb_chA_2_0=  0.158713
coeffb_chA_2_1= -0.005333
coeffb_chA_2_2= -0.248453
coeffb_chA_2_3=  0.306511
coeffb_chA_3_0= -0.097388
coeffb_chA_3_1= -0.005900
coeffb_chA_3_2=  0.095473
coeffb_chA_3_3= -0.118867
coeffb_chA_4_0=  0.018775
coeffb_chA_4_1= -0.004444
coeffb_chA_4_2=  0.004498
coeffb_chA_4_3= -0.008965
coeffb_chB_0_0=  0.069754
coeffb_chB_0_1= -0.086824
coeffb_chB_0_2=  0.582627
coeffb_chB_0_3= -1.051851
coeffb_chB_1_0=  0.359134
coeffb_chB_1_1=  0.398633
coeffb_chB_1_2= -2.486374
coeffb_chB_1_3=  6.010444
coeffb_chB_2_0=  0.308239
coeffb_chB_2_1=  0.003422
coeffb_chB_2_2= -0.416429
coeffb_chB_2_3=  1.965339
coeffb_chB_3_0=  0.153853
coeffb_chB_3_1= -0.019002
coeffb_chB_3_2=  0.541844
coeffb_chB_3_3= -1.384584
coeffb_chB_4_0= -0.118279
coeffb_chB_4_1= -0.028472
coeffb_chB_4_2= -0.013409
coeffb_chB_4_3=  0.169357
coeffc_chA_0_0= -0.000840
coeffc_chA_1_0= -0.003629
coeffc_chA_2_0= -0.002301
coeffc_chA_3_0= -0.000115
coeffc_chA_4_0=  0.000248
coeffc_chB_0_0=  0.000991
coeffc_chB_1_0= -0.002598
coeffc_chB_2_0= -0.005005
coeffc_chB_3_0=  0.006333
coeffc_chB_4_0= -0.002995
coeffd_chA_0_0=  0.001499
coeffd_chA_1_0=  0.001440
coeffd_chA_2_0= -0.000340
coeffd_chA_3_0= -0.000871
coeffd_chA_4_0=  0.000326
coeffd_chB_0_0=  0.002177
coeffd_chB_1_0= -0.006748
coeffd_chB_2_0=  0.001962
coeffd_chB_3_0=  0.007428
coeffd_chB_4_0= -0.006271
coeffoi_chA= -0.000053
coeffoi_chB= -0.000911
coeffoq_chA= -0.000147
coeffoq_chB=  0.000375
dCenterFreqRatioPlot1=   0.0000
dCenterFreqRatioPlot2=   0.0000
dCenterFreqRatioPlot3=   0.0000
dCenterFreqRatioPlot4=   0.0000
dFreqSpanRatioPlot1=   0.0000
dFreqSpanRatioPlot2=   0.0000
dFreqSpanRatioPlot3=   0.0000
dFreqSpanRatioPlot4=   0.0000
iCenterFreqRatioPlot1=0
iCenterFreqRatioPlot2=0
iCenterFreqRatioPlot3=0
iCenterFreqRatioPlot4=0
iFreqSpanRatioPlot1=0
iFreqSpanRatioPlot2=0
iFreqSpanRatioPlot3=0
iFreqSpanRatioPlot4=0
